74.33333333333333
63.333333333333336
67.66666666666667
47.333333333333336
55.333333333333336
68.66666666666667
72.66666666666667
63.666666666666664
57.0
62.0
53.0
48.333333333333336
56.0
75.66666666666667
52.0
74.33333333333333
35.666666666666664
70.0
44.333333333333336
68.0
61.333333333333336
55.666666666666664
63.333333333333336
67.0
77.33333333333333
65.33333333333333
45.666666666666664
82.66666666666667
71.66666666666667
59.666666666666664
52.333333333333336
50.333333333333336
63.333333333333336
45.0
45.666666666666664
73.33333333333333
81.0
87.33333333333333
61.333333333333336
72.33333333333333
70.66666666666667
27.666666666666668
62.666666666666664
61.666666666666664
58.333333333333336
78.66666666666667
48.0
83.66666666666667
66.0
89.0
45.333333333333336
36.333333333333336
65.0
83.33333333333333
68.66666666666667
60.666666666666664
52.666666666666664
50.666666666666664
35.0
41.666666666666664
45.666666666666664
36.666666666666664
65.0
69.33333333333333
50.666666666666664
59.333333333333336
57.0
91.33333333333333
46.333333333333336
52.0
70.33333333333333
56.333333333333336
53.666666666666664
59.333333333333336
66.0
84.0
91.0
76.33333333333333
75.66666666666667
51.333333333333336
65.0
71.0
58.666666666666664
45.333333333333336
77.66666666666667
68.33333333333333
37.666666666666664
60.0
88.0
46.666666666666664
39.333333333333336
80.0
48.333333333333336
41.666666666666664
41.666666666666664
66.0
69.33333333333333
57.0
56.0
63.0
73.33333333333333
53.0
65.0
68.0
55.666666666666664
61.0
71.0
54.333333333333336
65.0
47.666666666666664
54.0
68.33333333333333
65.33333333333333
60.333333333333336
55.0
76.0
60.0
80.33333333333333
75.66666666666667
70.66666666666667
47.666666666666664
45.0
65.0
67.66666666666667
73.66666666666667
42.333333333333336
67.0
66.33333333333333
51.666666666666664
69.33333333333333
51.333333333333336
44.0
68.66666666666667
58.333333333333336
49.666666666666664
73.66666666666667
74.33333333333333
52.666666666666664
45.0
64.66666666666667
80.33333333333333
70.0
82.0
86.66666666666667
86.33333333333333
54.666666666666664
45.333333333333336
57.666666666666664
71.33333333333333
76.66666666666667
94.66666666666667
62.033112582781456 62.89403973509934 61.390728476821195